黎曼Zeta函数非平凡零点计算结果
============================================================
计算范围: Im(s) ∈ [0, 100]
零点数量: 29
------------------------------------------------------------
序号    实部            虚部              
------------------------------------------------------------
1     0.50000000    14.1347251417    
2     0.50000000    21.0220396388    
3     0.50000000    25.0108575801    
4     0.50000000    30.4248761259    
5     0.50000000    32.9350615877    
6     0.50000000    37.5861781588    
7     0.50000000    40.9187190121    
8     0.50000000    43.3270732809    
9     0.50000000    48.0051508813    
10    0.50000000    49.7738324777    
11    0.50000000    52.9703214778    
12    0.50000000    56.4462476971    
13    0.50000000    59.3470440026    
14    0.50000000    60.8317785246    
15    0.50000000    65.1125440481    
16    0.50000000    67.0798105295    
17    0.50000000    69.5464017112    
18    0.50000000    72.0671576745    
19    0.50000000    75.7046906991    
20    0.50000000    77.1448400689    
21    0.50000000    79.3373750203    
22    0.50000000    82.9103808541    
23    0.50000000    84.7354929805    
24    0.50000000    87.4252746131    
25    0.50000000    88.8091112076    
26    0.50000000    92.4918992706    
27    0.50000000    94.6513440406    
28    0.50000000    95.8706342282    
29    0.50000000    98.8311942182    
